[[ 0.78523,  0.01605,  0.14915, -0.08940,  0.63189], 
[ 0.01605,  1.36564, -0.00184,  0.12625,  0.06519], 
[ 0.14915, -0.00184,  0.86805, -0.24137,  0.32770], 
[-0.08940,  0.12625, -0.24137,  0.88976, -0.05569], 
[ 0.63189,  0.06519,  0.32770, -0.05569,  1.19883]]

Polynomial:
[ 1.00000, -5.10751,  9.69264, -8.43413,  3.31222, -0.45916]
Eigenvalues:
[ 0.30521,  0.61276,  0.95510,  1.40539,  1.82905]
Eigenvectors: 
[ 0.75469,  0.00888,  0.21310,  0.14395, -0.60351]
[ 0.32159,  0.08867, -0.74131, -0.58239,  0.00242]
[ 0.23915, -0.28221, -0.49923,  0.72720,  0.29175]
[ 0.00503, -0.95281,  0.10882, -0.28099, -0.03645]
[ 0.51931,  0.07146,  0.37864, -0.18103,  0.74100]

Difference between Krylov and Danilevsky polynomials:
[0.00000e+00, 8.50875e-13, -3.89022e-12, 6.07336e-12, -3.64242e-12, 6.08902e-13]
Norm:
8.14749e-12
Eigenvectors deficiency norms:
1: 6.62366e-05
2: 1.83102e-04
3: 6.07121e-04
4: 2.11256e-04
5: 5.67986e-05
